4294967278,239
4294967278,319
4294967278,245
4294967278,233
4294967278,305
4294967278,229
4294967278,356
4294967278,217
4294967278,419
4294967278,260
4294967279,102
4294967279,556
4294967279,232
4294967279,91
4294967279,89
4294967279,76
4294967279,65
4294967279,520
4294967279,571
4294967279,512
4294967279,567
4294967278,282
4294967278,380
4294967279,252
4294967294,198
4294967294,192
4294967294,1013
4294967294,995
4294967294,170
4294967294,163
4294967279,558
4294967278,309
1921,7
1921,6
1921,5
1921,4
1921,3
1921,2
1921,1
4294967279,557
4294967279,555
4294967278,392
4294967279,293
4294967279,554
1918,6
1918,5
1918,4
1918,3
1918,2
1918,1
4294967279,529
4294967294,455
4294967294,459
4294967278,160
1915,5
1915,4
1915,3
1915,2
1915,1
4294967294,502
4294967278,388
4294967279,361
4294967278,291
4294967279,551
4294967294,1016
4294967279,149
4294967278,149
4294967278,148
4294967278,147
1913,7
1913,6
1913,5
1913,4
1913,3
1913,2
1913,1
4294967278,139
4294967278,382
4294967278,385
4294967278,284
1909,5
1909,4
1909,3
1909,2
1909,1
4294967279,550
4294967279,238
4294967278,328
4294967279,549
4294967278,263
4294967278,256
4294967279,210
4294967279,543
1905,5
1905,4
1905,3
1905,2
1905,1
1903,4
1903,3
1903,2
1903,1
1902,4
1902,3
1902,2
1902,1
4294967278,301
4294967279,542
4294967278,366
1901,6
4294967279,522
1901,5
4294967294,388
1901,4
1901,3
1901,2
1901,1
4294967294,409
4294967294,406
4294967294,466
4294967294,119
4294967294,402
4294967294,412
4294967294,164
1900,5
4294967278,180
1900,4
1900,3
1900,2
1900,1
1899,5
1899,4
1899,3
1899,2
1899,1
4294967279,165
1898,5
1898,4
1898,3
1898,2
1898,1
4294967279,162
4294967279,155
4294967279,541
4294967279,154
4294967294,1004
1896,4
1896,3
1896,2
1896,1
4294967294,393
4294967278,275
4294967278,271
4294967294,392
4294967278,383
4294967278,289
4294967278,266
4294967278,272
4294967278,302
4294967278,299
4294967278,283
4294967278,314
4294967278,352
4294967278,294
4294967278,303
4294967278,325
4294967278,320
4294967278,298
4294967278,35
4294967278,34
4294967278,33
4294967278,25
4294967278,24
4294967278,23
4294967278,22
4294967278,21
4294967278,20
4294967278,18
4294967278,7
4294967279,130
4294967279,129
4294967279,553
4294967279,128
4294967279,358
4294967279,119
4294967279,523
4294967279,552
4294967279,113
4294967279,535
4294967279,111
4294967279,110
4294967279,276
4294967279,515
4294967279,514
4294967279,278
4294967279,528
4294967279,20
4294967279,19
4294967279,18
4294967279,14
4294967279,13
4294967279,11
4294967279,260
4294967279,516
4294967294,1428
1895,7
4294967294,1427
4294967279,309
1895,6
1895,5
1895,4
1895,3
1895,2
1895,1
4294967278,238
4294967278,346
4294967278,360
4294967294,1426
4294967294,1425
4294967294,1424
4294967278,326
1892,6
1892,5
1892,4
1892,3
1892,2
1892,1
4294967279,537
4294967279,216
4294967279,195
4294967278,194
4294967279,194
4294967278,184
1889,5
1889,4
1889,3
1889,2
1889,1
4294967294,501
4294967278,167
1887,7
1887,6
1887,5
1887,4
4294967278,163
1887,2
1887,1
4294967279,157
4294967278,156
1883,5
1883,4
1883,2
1883,1
4294967279,526
4294967278,373
1879,5
1879,4
1879,3
1879,2
1879,1
4294967278,230
1877,4
1877,3
1877,2
1877,1
4294967278,216
1876,4
1876,3
1876,2
1876,1
4294967278,370
4294967279,310
4294967278,340
1875,6
4294967294,500
4294967279,208
4294967294,453
4294967279,295
1875,5
1875,4
1875,3
1875,2
1875,1
1874,5
1874,4
1874,3
1874,2
1874,1
4294967278,428
4294967279,191
1873,5
1873,4
1873,3
1873,2
1873,1
4294967278,189
4294967278,187
4294967279,185
4294967278,186
4294967278,185
1872,5
1872,4
1872,3
1872,2
1872,1
4294967279,180
4294967294,499
1870,4
1870,3
1870,2
1870,1
4294967278,169
4294967294,89
4294967294,1008
577,3
4294967279,547
4294967278,357
4294967278,292
573,3
579,3
4294967294,107
4294967278,155
4294967279,226
4294967278,375
4294967278,333
4294967279,224
4294967278,351
4294967279,251
4294967278,286
4294967278,130
4294967278,128
4294967278,127
4294967278,126
4294967278,125
4294967278,124
4294967278,123
4294967278,122
4294967278,121
4294967278,119
4294967278,117
4294967278,116
4294967278,114
4294967278,113
4294967278,112
4294967278,111
4294967278,110
4294967278,109
4294967278,108
4294967278,105
4294967278,104
4294967278,103
4294967278,102
4294967278,101
4294967278,100
4294967278,99
4294967278,94
4294967278,93
4294967278,92
4294967278,295
4294967278,91
4294967278,331
4294967278,90
4294967278,89
4294967278,86
4294967278,85
4294967278,84
4294967278,83
4294967278,252
4294967278,80
4294967278,78
4294967278,77
4294967278,76
4294967278,75
4294967278,74
4294967278,71
4294967278,68
4294967278,297
4294967278,231
4294967278,58
4294967278,53
4294967278,51
4294967278,50
4294967278,46
4294967278,376
4294967278,44
4294967278,43
4294967278,39
4294967278,37
4294967278,350
4294967278,32
4294967278,28
4294967278,27
4294967278,26
4294967278,19
4294967278,362
4294967279,336
4294967279,125
4294967279,124
4294967279,114
4294967279,348
4294967279,350
4294967279,530
4294967279,521
4294967279,517
4294967279,354
4294967279,290
4294967279,22
4294967279,534
4294967279,242
4294967279,16
4294967279,15
4294967279,12
4294967279,218
4294967279,10
4294967279,8
4294967279,7
4294967279,532
4294967279,6
4294967279,5
4294967279,539
4294967278,29
4294967279,308
4294967278,364
4294967294,461
4294967294,386
4294967294,454
4294967278,363
4294967279,280
4294967278,304
1869,7
4294967279,318
1869,6
1869,5
1869,4
1869,3
1869,2
1869,1
4294967279,297
4294967279,296
1866,6
1866,5
1866,4
1866,3
1866,2
1866,1
4294967279,294
4294967279,289
4294967279,214
1863,5
1863,4
1863,3
1863,2
1863,1
1861,7
1861,6
1861,5
1861,4
1861,3
1861,2
1861,1
4294967278,165
4294967279,164
4294967279,152
4294967279,145
4294967278,145
4294967279,301
4294967279,138
1857,5
1857,4
1857,3
1857,2
1857,1
4294967279,305
4294967278,365
4294967278,269
4294967278,374
4294967294,1009
4294967278,361
4294967279,313
4294967294,498
4294967278,219
1853,5
1853,4
1853,3
1853,2
1853,1
1851,4
1851,3
1851,2
1851,1
1850,4
1850,3
1850,2
1850,1
1849,6
1849,5
1849,4
1849,3
1849,2
1849,1
4294967278,359
4294967294,415
4294967294,444
4294967294,111
1848,5
1848,4
1848,3
1848,2
1848,1
4294967279,519
4294967294,497
1847,5
1847,4
1847,3
1847,2
1847,1
4294967278,324
4294967279,303
1846,5
1846,4
1846,3
1846,2
1846,1
1844,4
1844,3
1844,2
1844,1
4294967279,178
4294967294,114
4294967278,369
4294967294,389
4294967294,115
4294967278,131
4294967278,129
4294967278,120
4294967278,115
4294967278,106
4294967278,95
4294967278,69
4294967278,66
4294967278,65
4294967278,60
4294967278,57
4294967278,56
4294967278,55
4294967278,52
4294967278,41
4294967278,38
4294967278,36
4294967278,31
4294967278,30
4294967279,17
4294967279,9
4294967279,312
4294967278,293
4294967278,290
4294967279,311
4294967278,42
4294967279,146
4294967278,358
1843,7
4294967279,306
1843,6
1843,5
1843,4
1843,3
1843,2
1843,1
4294967279,525
4294967279,236
1840,6
1840,5
1840,4
1840,3
1840,2
1840,1
4294967294,118
4294967279,347
4294967279,230
1837,5
1837,4
1837,3
1837,2
1837,1
1835,7
1835,6
1835,5
4294967278,183
1835,4
1835,2
1835,1
4294967278,178
4294967278,341
4294967279,163
4294967278,162
4294967278,345
4294967279,151
1831,5
1831,4
1831,2
1831,1
4294967278,277
4294967279,139
4294967278,274
4294967278,281
4294967279,256
4294967279,300
1827,5
1827,4
1827,3
1827,2
1827,1
4294967279,315
1825,4
1825,3
1825,2
1825,1
1824,4
1824,3
1824,2
1824,1
4294967279,240
1823,6
1823,5
1823,4
1823,3
1823,2
1823,1
4294967279,156
1822,5
1822,4
1822,3
1822,2
1822,1
4294967279,219
4294967294,180
4294967294,462
4294967279,234
1821,5
1821,4
1821,3
1821,2
1821,1
1820,5
4294967278,201
1820,4
4294967279,201
1820,3
1820,2
1820,1
4294967278,199
4294967278,255
4294967279,302
4294967278,190
1818,4
4294967279,190
1818,3
1818,2
1818,1
4294967278,251
4294967278,391
4294967279,304
4294967278,306
4294967294,182
4294967278,132
4294967278,118
4294967278,107
4294967278,98
4294967278,96
4294967278,87
4294967278,349
4294967279,4
4294967279,299
4294967279,147
4294967278,355
1817,7
1817,6
1817,5
1817,4
1817,3
1817,2
1817,1
4294967278,334
1814,6
1814,5
1814,4
1814,3
1814,2
1814,1
4294967279,246
4294967278,247
4294967278,237
4294967279,233
4294967279,217
1811,5
1811,4
1811,3
1811,2
1811,1
4294967279,174
1809,7
1809,6
1809,5
1809,4
1809,2
1809,1
4294967279,184
4294967279,292
4294967279,170
4294967278,168
4294967278,243
1805,5
1805,4
1805,2
1805,1
4294967278,146
1801,5
1801,4
1801,3
1801,2
1801,1
4294967279,286
1799,4
1799,3
1799,2
1799,1
1798,4
1798,3
1798,2
1798,1
4294967278,257
4294967278,378
1797,6
4294967278,241
1797,5
1797,4
1797,3
1797,2
1797,1
4294967278,253
4294967294,148
4294967294,467
4294967294,184
4294967278,329
1796,5
1796,4
1796,3
1796,2
1796,1
4294967278,240
4294967279,239
4294967278,407
4294967279,231
1795,5
1795,4
1795,3
1795,2
1795,1
4294967278,220
4294967278,218
4294967278,296
4294967279,222
4294967279,220
1794,5
1794,4
1794,3
1794,2
1794,1
4294967279,212
4294967294,390
4294967279,206
4294967279,202
1792,4
1792,3
1792,2
1792,1
4294967294,151
0,7
4294967278,200
4294967294,1001
4294967294,186
4294967294,1000
4294967294,0
4294967279,345
4294967278,367
4294967278,372
4294967278,447
4294967294,2
4294967294,40
4294967294,38
4294967294,37
4294967294,91
4294967294,90
4294967294,87
4294967294,86
4294967294,85
4294967294,84
4294967294,150
4294967294,128
4294967294,149
4294967294,29
4294967294,419
4294967294,28
4294967294,1017
4294967294,53
4294967294,45
4294967294,96
4294967294,94
4294967294,9
4294967294,8
587,2
587,7
4294967294,75
4294967294,104
4294967294,106
4294967294,174
4294967294,18
4294967294,127
4294967294,14
4294967294,126
4294967294,20
4294967294,13
4294967294,99
4294967294,76
4294967294,41
4294967294,120
587,4
576,4
583,4
592,6
4294967279,562
573,2
589,2
595,2
589,4
589,5
587,5
579,5
595,6
595,4
595,7
592,5
4294967294,43
4294967294,427
4294967294,44
4294967294,417
4294967294,51
4294967294,52
4294967294,92
4294967294,88
573,4
573,5
587,6
579,4
4294967294,202
4294967294,82
4294967278,97
4294967278,82
4294967278,81
4294967278,79
4294967278,73
4294967278,72
4294967278,70
4294967278,67
4294967278,64
4294967278,63
4294967278,54
4294967278,49
4294967278,47
4294967278,45
4294967278,40
4294967279,346
4294967294,5
4294967278,287
4294967279,279
1791,7
1791,6
1791,5
1791,4
1791,3
1791,2
1791,1
4294967279,524
1788,6
1788,5
1788,4
1788,3
1788,2
1788,1
4294967294,1416
4294967294,399
4294967294,183
4294967294,405
4294967294,410
4294967294,110
1785,5
1785,4
1785,3
1785,2
1785,1
4294967294,1414
4294967278,182
1783,7
1783,6
1783,5
1783,4
1783,2
1783,1
4294967279,160
4294967279,141
1779,5
1779,4
1779,2
1779,1
4294967279,268
4294967278,399
4294967279,136
4294967278,288
4294967279,133
4294967278,133
4294967278,276
4294967279,270
4294967279,277
4294967278,267
4294967278,323
4294967278,265
4294967279,257
4294967278,262
4294967279,513
4294967278,321
4294967279,545
4294967279,316
1775,5
1775,4
4294967278,353
1775,3
1775,2
1775,1
4294967278,250
4294967278,248
1773,4
1773,3
1773,2
1773,1
1772,4
4294967279,237
1772,3
1772,2
1772,1
4294967278,236
1771,6
4294967294,395
4294967294,418
1771,5
1771,4
1771,3
1771,2
1771,1
4294967278,332
4294967279,284
1770,5
1770,4
1770,3
1770,2
1770,1
1769,5
1769,4
1769,3
1769,2
1769,1
4294967279,340
4294967278,379
1768,5
1768,4
1768,3
1768,2
1768,1
1766,4
1766,3
1766,2
1766,1
4294967278,377
4294967279,274
4294967279,259
4294967294,494
4294967294,30
4294967294,143
4294967294,142
4294967294,140
4294967294,139
4294967294,134
4294967294,1018
4294967294,992
4294967294,990
4294967294,989
4294967294,988
4294967294,987
4294967294,60
4294967294,1015
4294967294,12
577,4
4294967278,335
4294967278,446
4294967278,347
4294967278,62
4294967278,342
4294967278,61
4294967278,59
4294967278,88
4294967278,48
4294967278,344
4294967279,269
4294967279,266
4294967279,273
4294967279,307
4294967279,281
1765,7
4294967279,282
1765,6
1765,5
1765,4
1765,3
1765,2
1765,1
1762,6
1762,5
1762,4
1762,3
1762,2
1762,1
1759,5
1759,4
1759,3
1759,2
1759,1
1757,7
1757,6
1757,5
1757,4
1757,2
1757,1
4294967278,188
4294967279,175
1753,5
1753,4
1753,2
1753,1
4294967279,376
4294967279,148
4294967278,400
4294967279,143
4294967279,140
4294967278,136
4294967278,135
4294967278,402
4294967279,264
1749,5
1749,4
1749,3
1749,2
1749,1
4294967279,329
4294967279,319
1747,4
1747,3
1747,2
1747,1
4294967278,390
1746,4
1746,3
1746,2
1746,1
4294967279,250
1745,6
4294967294,414
4294967294,456
1745,5
4294967278,246
4294967278,244
1745,4
1745,3
1745,2
1745,1
4294967279,241
1744,5
1744,4
1744,3
1744,2
1744,1
4294967278,343
1743,5
1743,4
1743,3
1743,2
1743,1
4294967278,339
1742,5
1742,4
1742,3
1742,2
1742,1
1740,4
1740,3
1740,2
1740,1
4294967278,195
4294967294,193
4294967294,421
4294967294,999
4294967294,194
4294967279,382
4294967279,380
4294967278,434
4294967279,378
4294967279,181
4294967279,288
4294967278,337
4294967278,406
4294967278,387
4294967279,291
4294967279,285
4294967279,343
4294967279,381
4294967279,21
4294967278,154
1739,7
1739,6
1739,5
1739,4
1739,3
1739,2
1739,1
4294967294,385
4294967279,326
1736,6
1736,5
1736,4
4294967279,546
1736,3
1736,2
1736,1
4294967294,196
4294967279,247
1733,5
1733,4
1733,3
1733,2
1733,1
1731,7
1731,6
1731,5
4294967278,203
1731,4
1731,2
1731,1
4294967278,202
4294967279,193
4294967278,235
4294967278,177
4294967278,432
1727,5
1727,4
1727,2
1727,1
4294967279,375
4294967279,527
4294967278,436
4294967294,147
1723,5
1723,4
4294967278,134
1723,3
1723,2
1723,1
1721,4
1721,3
1721,2
1721,1
1720,4
1720,3
1720,2
1720,1
4294967279,261
1719,6
4294967294,420
4294967294,384
4294967294,168
4294967278,389
1719,5
1719,4
1719,3
1719,2
1719,1
4294967294,161
4294967294,1002
4294967278,354
1718,5
4294967278,318
1718,4
1718,3
1718,2
1718,1
4294967279,548
4294967279,243
1717,5
1717,4
1717,3
1717,2
1717,1
4294967279,235
1716,5
1716,4
1716,3
1716,2
1716,1
4294967294,17
1714,4
1714,3
1714,2
1714,1
4294967294,1
4294967279,342
4294967279,267
4294967294,46
4294967294,424
4294967294,42
4294967294,67
4294967294,50
4294967294,27
4294967294,26
4294967294,1418
4294967294,36
4294967294,39
4294967294,437
4294967294,25
4294967279,379
4294967294,93
4294967294,95
4294967294,81
4294967294,205
4294967294,1415
4294967294,83
4294967294,68
4294967294,11
4294967293,131
4294967293,130
4294967293,129
4294967293,128
4294967293,127
4294967293,126
4294967293,125
4294967293,124
4294967293,123
4294967293,122
4294967293,121
4294967293,120
4294967293,119
4294967293,118
4294967293,117
4294967293,116
4294967293,115
4294967293,114
4294967293,113
4294967293,112
4294967293,111
4294967293,110
4294967293,109
4294967293,108
4294967293,107
4294967293,106
4294967293,105
4294967293,104
4294967293,103
4294967293,102
4294967293,101
4294967293,100
4294967293,99
4294967293,98
4294967293,97
4294967293,96
4294967293,95
4294967293,94
4294967293,93
4294967293,92
4294967293,91
4294967293,90
4294967293,89
4294967293,87
4294967293,86
4294967293,85
4294967293,84
4294967293,83
4294967293,82
4294967293,81
4294967293,80
4294967293,79
4294967293,78
4294967293,77
4294967293,76
4294967293,75
4294967293,74
4294967293,73
4294967293,72
4294967293,71
4294967293,70
4294967293,69
4294967293,68
4294967293,67
4294967293,66
4294967293,65
4294967293,64
4294967293,63
4294967293,62
4294967293,61
4294967293,60
4294967293,59
4294967293,58
4294967293,57
4294967293,56
4294967293,55
4294967293,54
4294967293,53
4294967293,52
4294967293,51
4294967293,50
4294967293,49
4294967293,48
4294967293,47
4294967293,46
4294967293,45
4294967293,44
4294967293,43
4294967293,42
4294967293,41
4294967293,40
4294967293,39
4294967293,38
4294967293,37
4294967293,36
4294967293,35
4294967293,34
4294967293,33
4294967293,32
4294967293,31
4294967293,30
4294967293,29
4294967293,28
4294967293,27
4294967293,26
4294967293,25
4294967293,24
4294967293,23
4294967293,22
4294967293,21
4294967293,20
4294967293,19
4294967293,18
4294967293,17
4294967293,16
4294967293,15
4294967293,14
4294967293,13
4294967293,12
4294967293,11
4294967293,10
4294967293,9
4294967293,8
4294967293,7
4294967293,6
4294967293,5
4294967293,4
4294967293,3
4294967278,401
4294967278,386
4294967278,403
4294967278,17
4294967278,16
4294967278,15
4294967278,14
4294967278,13
4294967278,12
4294967278,0
4294967278,10
4294967278,9
4294967278,8
4294967278,6
4294967278,5
4294967278,4
4294967279,132
4294967279,131
4294967279,123
4294967279,122
4294967279,121
4294967279,120
4294967279,118
4294967279,115
4294967279,112
4294967279,370
4294967279,109
4294967279,108
4294967279,107
4294967279,106
4294967279,104
4294967279,103
4294967279,101
4294967279,100
4294967279,99
4294967279,98
4294967279,97
4294967279,95
4294967279,94
4294967279,93
4294967279,92
4294967279,87
4294967279,85
4294967279,84
4294967279,83
4294967279,82
4294967279,80
4294967279,79
4294967279,78
4294967279,73
4294967279,70
4294967279,69
4294967279,377
4294967279,67
4294967279,60
4294967279,57
4294967279,52
4294967279,569
4294967279,46
4294967279,44
4294967279,43
4294967279,41
4294967279,39
4294967279,37
4294967279,29
4294967279,0
4294967279,77
1713,7
4294967278,433
4294967278,438
4294967279,373
1713,6
1713,5
1713,4
1713,3
1713,2
1713,1
4294967294,1005
4294967294,403
4294967294,411
1710,6
1710,5
1710,4
1710,3
1710,2
1710,1
1707,5
1707,4
1707,3
1707,2
1707,1
4294967294,162
1705,7
1705,6
1705,5
1705,4
1705,2
1705,1
1701,5
1701,4
1701,2
1701,1
4294967279,374
1697,5
1697,4
1697,3
1697,2
1697,1
4294967294,1014
4294967294,1012
1695,4
1695,3
1695,2
1695,1
1694,4
1694,3
1694,2
1694,1
4294967294,391
1693,6
4294967278,437
1693,5
1693,4
1693,3
1693,2
1693,1
1692,5
1692,4
1692,3
1692,2
1692,1
1691,5
1691,4
1691,3
1691,2
1691,1
1690,5
4294967278,316
1690,4
1690,3
1690,2
1690,1
4294967278,242
1688,4
1688,3
1688,2
1688,1
4294967279,368
4294967294,22
4294967279,363
4294967279,96
4294967279,86
4294967279,81
4294967279,75
4294967279,72
4294967279,66
4294967279,64
4294967279,63
4294967279,59
4294967279,58
4294967279,54
4294967279,53
4294967279,51
4294967279,42
4294967279,30
4294967279,28
4294967279,23
4294967279,560
0,5
4294967294,7
4294967279,90
4294967294,6
4294967294,477
1687,7
1687,6
1687,5
1687,4
1687,3
1687,2
1687,1
1684,6
1684,5
1684,4
1684,3
1684,2
1684,1
4294967279,371
1681,5
1681,4
1681,3
1681,2
1681,1
4294967279,2
4294967279,544
4294967279,249
1679,7
1679,6
4294967279,248
1679,5
1679,4
1679,2
1679,1
4294967278,232
4294967278,226
1675,5
1675,4
1675,2
1675,1
4294967278,137
1671,5
1671,4
1671,3
1671,2
1671,1
4294967294,185
4294967294,1007
1669,4
1669,3
1669,2
1669,1
1668,4
1668,3
1668,2
1668,1
1667,6
1667,5
1667,4
1667,3
1667,2
1667,1
1666,5
1666,4
1666,3
1666,2
1666,1
4294967279,536
4294967278,430
1665,5
1665,4
1665,3
1665,2
1665,1
1664,5
1664,4
1664,3
1664,2
1664,1
4294967278,285
4294967278,261
1663,5
4294967278,258
1663,4
1663,3
1663,2
1663,1
1662,4
1662,3
1662,2
1662,1
4294967294,998
4294967294,176
4294967294,404
4294967294,191
4294967278,426
4294967278,435
4294967279,367
4294967279,74
4294967279,62
4294967279,61
4294967279,56
4294967279,55
4294967279,48
4294967279,45
4294967279,40
4294967279,34
4294967279,31
4294967279,372
4294967279,203
1661,7
1661,6
1661,5
1661,4
1661,3
1661,2
1661,1
1658,6
1658,5
1658,4
1658,3
1658,2
1658,1
1655,5
1655,4
1655,3
1655,2
1655,1
4294967294,173
4294967294,1006
4294967278,268
4294967279,263
1653,7
1653,6
1653,5
1653,4
1653,2
1653,1
4294967278,422
4294967279,369
1649,5
1649,4
1649,2
1649,1
4294967279,563
4294967278,445
4294967279,366
1645,5
1645,4
1645,3
1645,2
1645,1
1643,4
1643,3
1643,2
1643,1
1642,4
1642,3
1642,2
1642,1
1641,6
4294967294,195
4294967279,362
1641,5
1641,4
4294967278,161
1641,3
1641,2
1641,1
1640,5
1640,4
1640,3
1640,2
1640,1
4294967278,153
1639,5
1639,4
1639,3
1639,2
1639,1
4294967294,397
1638,5
1638,4
1638,3
1638,2
1638,1
4294967279,327
4294967278,444
4294967279,134
1637,5
1637,4
1637,3
1637,2
1637,1
1636,4
1636,3
1636,2
1636,1
4294967278,398
4294967278,429
4294967278,418
4294967278,424
4294967278,425
4294967278,427
4294967278,431
4294967278,421
4294967279,126
4294967279,364
4294967279,365
4294967279,334
4294967279,330
4294967279,49
4294967279,328
4294967279,47
4294967279,38
4294967279,36
4294967279,35
4294967279,32
4294967279,337
4294967279,27
4294967278,443
1635,7
1635,6
1635,5
1635,4
1635,3
1635,2
1635,1
4294967294,997
1632,6
